typography_spectrum: 0.12501575122587383
color:
  brandStrength: 0.2226297897286713
  lightness: 0.9763498331885785
  saturation: 0.6314989870879799
  rhythmicContrast: 0.942893184022978
layout_spectrum: 0.7179159007500857
name: That I may see
title: Random thoughts of a pilgrim
